%YAML:1.0
---
calibration_time: "Tue 31 Mar 2020 05:35:57 PM CST"
nframes: 6
image_width: 752
image_height: 480
board_width: 11
board_height: 7
square_size: 3.5999998450279236e-02
aspectRatio: 1.
flags: 2
camera_matrix: !!opencv-matrix
   rows: 3
   cols: 3
   dt: d
   data: [ 3.7662704217264292e+02, 0., 3.8840774696407016e+02, 0.,
       3.7662704217264292e+02, 2.4249049054148605e+02, 0., 0., 1. ]
distortion_coefficients: !!opencv-matrix
   rows: 5
   cols: 1
   dt: d
   data: [ -3.2505746146065267e-01, 1.1396052601868246e-01,
       8.3720673037543833e-05, -4.2656821284692184e-04,
       -1.8636618460653783e-02 ]
avg_reprojection_error: 2.9025909349221674e-01
per_view_reprojection_errors: !!opencv-matrix
   rows: 6
   cols: 1
   dt: f
   data: [ 2.53591299e-01, 2.95828193e-01, 2.51864076e-01,
       3.12428385e-01, 3.79724562e-01, 2.20094144e-01 ]
extrinsic_parameters: !!opencv-matrix
   rows: 6
   cols: 6
   dt: d
   data: [ -6.2366281729655540e-02, -2.7529176956955664e-03,
       -2.6967293214629814e-03, -5.8989419534532406e-02,
       -1.0508326733401732e-01, 3.0142138081106756e-01,
       -3.1652836029167804e-02, -2.4129605068999188e-01,
       3.3294871478719316e-03, -2.0203275005707466e-01,
       -8.6262131987142443e-02, 2.9753962905576808e-01,
       -1.9090818927836792e-01, -3.3629307744933884e-01,
       -4.1341408580379182e-03, -2.1208321821085183e-01,
       -2.3439904176803705e-02, 2.8604346251179447e-01,
       3.5658804566068528e-02, 5.0833371741717238e-02,
       9.7752740825534021e-03, -7.0628476522042585e-02,
       -1.0595552959611565e-01, 2.4046406451968222e-01,
       3.4804049927590508e-02, 2.0784840807241259e-02,
       -2.8545438235817295e-03, -5.6506697731802336e-02,
       -1.0852566481592722e-01, 2.1757559269181467e-01,
       1.8789216021394242e-01, -3.7952357740991277e-01,
       1.7210844425967556e-02, -2.4385221098056187e-01,
       -1.9980170486572696e-01, 2.5402646386183858e-01 ]
image_points: !!opencv-matrix
   rows: 6
   cols: 77
   dt: "2f"
   data: [ 3.18589569e+02, 1.17726013e+02, 3.61007599e+02,
       1.16269554e+02, 4.04115234e+02, 1.15965332e+02, 4.46856628e+02,
       1.16782471e+02, 4.87896729e+02, 1.18820892e+02, 5.26497314e+02,
       1.21769585e+02, 5.61903259e+02, 1.25456703e+02, 5.94064331e+02,
       1.29622513e+02, 6.22655884e+02, 1.34060715e+02, 6.48160889e+02,
       1.38530624e+02, 6.70504822e+02, 1.42950623e+02, 3.16554047e+02,
       1.57938797e+02, 3.60274506e+02, 1.56736008e+02, 4.04695282e+02,
       1.56493011e+02, 4.48701813e+02, 1.57150085e+02, 4.90942993e+02,
       1.58486130e+02, 5.30406189e+02, 1.60629089e+02, 5.66561951e+02,
       1.63292801e+02, 5.98982971e+02, 1.66236282e+02, 6.27895752e+02,
       1.69348190e+02, 6.53324646e+02, 1.72454391e+02, 6.75676208e+02,
       1.75564331e+02, 3.15102661e+02, 2.01018494e+02, 3.59648010e+02,
       2.00383698e+02, 4.05270569e+02, 2.00126709e+02, 4.50288391e+02,
       2.00367310e+02, 4.93267853e+02, 2.01046280e+02, 5.33424561e+02,
       2.02061371e+02, 5.69887207e+02, 2.03371719e+02, 6.02683899e+02,
       2.04821930e+02, 6.31626526e+02, 2.06387558e+02, 6.57171753e+02,
       2.07935074e+02, 6.79360779e+02, 2.09459702e+02, 3.14406372e+02,
       2.45926727e+02, 3.59459045e+02, 2.45768982e+02, 4.05560333e+02,
       2.45647873e+02, 4.51036957e+02, 2.45509918e+02, 4.94580688e+02,
       2.45336258e+02, 5.34993286e+02, 2.45145218e+02, 5.71838684e+02,
       2.44884872e+02, 6.04840698e+02, 2.44796524e+02, 6.33788879e+02,
       2.44557266e+02, 6.59279785e+02, 2.44383652e+02, 6.81593323e+02,
       2.44272339e+02, 3.14375519e+02, 2.91541931e+02, 3.59534119e+02,
       2.91955963e+02, 4.05615356e+02, 2.91850586e+02, 4.51347870e+02,
       2.91325836e+02, 4.94724365e+02, 2.90246490e+02, 5.35425476e+02,
       2.88678619e+02, 5.72208374e+02, 2.86951630e+02, 6.05229248e+02,
       2.85159729e+02, 6.34235046e+02, 2.83219330e+02, 6.59739502e+02,
       2.81248077e+02, 6.81959839e+02, 2.79316895e+02, 3.15260132e+02,
       3.36308624e+02, 3.59923889e+02, 3.37192322e+02, 4.05648315e+02,
       3.37214111e+02, 4.50673492e+02, 3.36169128e+02, 4.93986725e+02,
       3.34217743e+02, 5.34243774e+02, 3.31565918e+02, 5.70987976e+02,
       3.28408905e+02, 6.03771667e+02, 3.24895844e+02, 6.32970825e+02,
       3.21334076e+02, 6.58421875e+02, 3.17619354e+02, 6.80826111e+02,
       3.14114807e+02, 3.16655731e+02, 3.78765717e+02, 3.60616760e+02,
       3.80248169e+02, 4.05410095e+02, 3.80246887e+02, 4.49664795e+02,
       3.78874634e+02, 4.92166504e+02, 3.76274384e+02, 5.31945557e+02,
       3.72610016e+02, 5.68240417e+02, 3.68220734e+02, 6.00981567e+02,
       3.63361145e+02, 6.29944458e+02, 3.58288239e+02, 6.55600525e+02,
       3.53088959e+02, 6.77980774e+02, 3.47979706e+02, 1.70302887e+02,
       1.49316437e+02, 2.05229996e+02, 1.48042999e+02, 2.42219116e+02,
       1.47399200e+02, 2.80815948e+02, 1.47488525e+02, 3.20019287e+02,
       1.48384125e+02, 3.58883972e+02, 1.50067795e+02, 3.96586517e+02,
       1.52350891e+02, 4.32481598e+02, 1.55190125e+02, 4.65728668e+02,
       1.58375183e+02, 4.96470093e+02, 1.61722351e+02, 5.24204407e+02,
       1.65290848e+02, 1.66564682e+02, 1.87284195e+02, 2.01783615e+02,
       1.86550766e+02, 2.39471115e+02, 1.86279617e+02, 2.78668762e+02,
       1.86443314e+02, 3.18667938e+02, 1.87096832e+02, 3.58361481e+02,
       1.88195892e+02, 3.96736267e+02, 1.89602432e+02, 4.33214478e+02,
       1.91530823e+02, 4.67008392e+02, 1.93507401e+02, 4.97915131e+02,
       1.95692291e+02, 5.25964844e+02, 1.97832993e+02, 1.64272995e+02,
       2.26690033e+02, 1.99882721e+02, 2.26606323e+02, 2.37826477e+02,
       2.26672760e+02, 2.77532227e+02, 2.26906296e+02, 3.17870880e+02,
       2.27343506e+02, 3.58041077e+02, 2.27740601e+02, 3.96820465e+02,
       2.28479996e+02, 4.33605652e+02, 2.29222778e+02, 4.67668121e+02,
       2.29887833e+02, 4.98840118e+02, 2.30611710e+02, 5.27016479e+02,
       2.31423706e+02, 1.63835922e+02, 2.66612457e+02, 1.99377792e+02,
       2.67311646e+02, 2.37501694e+02, 2.67779175e+02, 2.77270264e+02,
       2.68136047e+02, 3.17701080e+02, 2.68258362e+02, 3.57882629e+02,
       2.68171356e+02, 3.96864410e+02, 2.67735474e+02, 4.33728943e+02,
       2.67483032e+02, 4.67857208e+02, 2.66695374e+02, 4.99083160e+02,
       2.66093567e+02, 5.27447693e+02, 2.65346283e+02, 1.64998993e+02,
       3.06395966e+02, 2.00568634e+02, 3.07735596e+02, 2.38378693e+02,
       3.08628204e+02, 2.78019226e+02, 3.09067230e+02, 3.18211853e+02,
       3.08786102e+02, 3.58237793e+02, 3.08090271e+02, 3.96754364e+02,
       3.06845673e+02, 4.33533783e+02, 3.05301849e+02, 4.67477905e+02,
       3.03416260e+02, 4.98654236e+02, 3.01285797e+02, 5.26711548e+02,
       2.99141144e+02, 1.68020813e+02, 3.44883911e+02, 2.03116974e+02,
       3.46813110e+02, 2.40557175e+02, 3.48026978e+02, 2.79521942e+02,
       3.48477325e+02, 3.19274017e+02, 3.48009460e+02, 3.58518738e+02,
       3.46714844e+02, 3.96713776e+02, 3.44693481e+02, 4.32822723e+02,
       3.42090790e+02, 4.66608673e+02, 3.38964569e+02, 4.97474030e+02,
       3.35579437e+02, 5.25544250e+02, 3.31985901e+02, 1.72290024e+02,
       3.81516205e+02, 2.06983551e+02, 3.83851959e+02, 2.43660355e+02,
       3.85418182e+02, 2.81940765e+02, 3.85731110e+02, 3.20720398e+02,
       3.85064178e+02, 3.59244598e+02, 3.83310150e+02, 3.96558105e+02,
       3.80574158e+02, 4.32144165e+02, 3.77067688e+02, 4.65249573e+02,
       3.72924622e+02, 4.95760315e+02, 3.68424286e+02, 5.23462708e+02,
       3.63738098e+02, 1.51088715e+02, 2.16405212e+02, 1.87030594e+02,
       2.17170151e+02, 2.24973953e+02, 2.18086792e+02, 2.64297546e+02,
       2.19305084e+02, 3.03635498e+02, 2.20613632e+02, 3.42579224e+02,
       2.22201477e+02, 3.79788239e+02, 2.23763458e+02, 4.14897827e+02,
       2.25469818e+02, 4.47322723e+02, 2.27134384e+02, 4.76892273e+02,
       2.28635284e+02, 5.03550903e+02, 2.30220001e+02, 1.47617126e+02,
       2.56277985e+02, 1.84145065e+02, 2.57443329e+02, 2.22962341e+02,
