%YAML:1.0
---
R: !!opencv-matrix
   rows: 3
   cols: 3
   dt: d
   data: [ 9.5966181088547708e-01, -3.2323683631384874e-03,
       2.8113832987120740e-01, 5.1737629103386080e-04,
       9.9995252053071082e-01, 9.7308276139171472e-03,
       -2.8115643519183470e-01, -9.1928493430099151e-03,
       9.5961791900275417e-01 ]
T: !!opencv-matrix
   rows: 3
   cols: 1
   dt: d
   data: [ -3.5650926892862202e+01, -7.9955889923408863e-01,
       3.5888401301082906e+00 ]
R1: !!opencv-matrix
   rows: 3
   cols: 3
   dt: d
   data: [ 9.8276350558588077e-01, 2.0013256164154499e-02,
       1.8378074345877085e-01, -2.0694605799531161e-02,
       9.9978424134209221e-01, 1.7899873795797602e-03,
       -1.8370526769625475e-01, -5.5624043115343174e-03,
       9.8296563229795697e-01 ]
R2: !!opencv-matrix
   rows: 3
   cols: 3
   dt: d
   data: [ 9.9472372650512519e-01, 2.2309103216211369e-02,
       -1.0013496812525233e-01, -2.2588259766432171e-02,
       9.9974348327713847e-01, -1.6547403476433473e-03,
       1.0007236605817338e-01, 3.9078841567227827e-03,
       9.9497248705325336e-01 ]
P1: !!opencv-matrix
   rows: 3
   cols: 4
   dt: d
   data: [ 2.1880306357559618e+02, 0., 9.6983532714843750e+02, 0., 0.,
       2.1880306357559618e+02, 3.8458580398559570e+02, 0., 0., 0., 1.,
       0. ]
P2: !!opencv-matrix
   rows: 3
   cols: 4
   dt: d
   data: [ 2.1880306357559618e+02, 0., 9.6983532714843750e+02,
       -7.8419080751942520e+03, 0., 2.1880306357559618e+02,
       3.8458580398559570e+02, 0., 0., 0., 1., 0. ]
Q: !!opencv-matrix
   rows: 4
   cols: 4
   dt: d
   data: [ 1., 0., 0., -9.6983532714843750e+02, 0., 1., 0.,
       -3.8458580398559570e+02, 0., 0., 0., 2.1880306357559618e+02, 0.,
       0., 2.7901763381761677e-02, 0. ]
