%YAML:1.0
---
img_w: 752
img_h: 480
K1: !!opencv-matrix
   rows: 3
   cols: 3
   dt: d
   data: [ 3.6710590283317350e+02, 0., 3.8894009988582502e+02, 0.,
       3.6700630331857229e+02, 2.6203977146919641e+02, 0., 0., 1. ]
K2: !!opencv-matrix
   rows: 3
   cols: 3
   dt: d
   data: [ 3.6588739870537501e+02, 0., 3.8397352526918166e+02, 0.,
       3.6572810142997599e+02, 2.2320043586411703e+02, 0., 0., 1. ]
D1: [ -2.1128865009189594e-02, -7.2210270238441945e-03,
    1.0599007661659950e-02, -7.1411769121383292e-03 ]
D2: [ -1.8000545266936500e-02, -2.3061910487047876e-02,
    2.7992093521434974e-02, -1.3546865647015476e-02 ]
R: !!opencv-matrix
   rows: 3
   cols: 3
   dt: d
   data: [ 9.9999732051676193e-01, -1.2675539760359635e-03,
       -1.9370767187704327e-03, 1.2654552112016709e-03,
       9.9999861144433355e-01, -1.0843119999956849e-03,
       1.9384484530184289e-03, 1.0818578107716042e-03,
       9.9999753599760044e-01 ]
T: [ -1.2013341456197049e-01, -3.7508398047438252e-04,
    -9.3230957175926790e-05 ]
